$cylinders,$displacement,$horsepower,$weight,$acceleration,$model,$origin,!$mpg
4,85,70,1990,17,76,3,32
4,85,70,1945,16.8,77,3,33.5
4,97,67,1985,16.4,77,3,30
4,85,70,2070,18.6,78,3,39.4
4,85,65,2020,19.2,79,3,31.8
4,86,65,1975,15.2,79,3,34.1
4,89,60,1968,18.8,80,3,38.1
4,85,65,2110,19.2,80,3,40.8
4,85,65,1975,19.4,81,3,37
4,86,65,2019,16.4,80,3,37.2
4,86,65,2110,17.9,80,3,46.6
4,91,67,1850,13.8,80,3,44.6
4,85,70,1990,17,76,3,32
4,85,70,1945,16.8,77,3,33.5
4,97,67,1985,16.4,77,3,30
4,85,70,2070,18.6,78,3,39.4
4,85,65,2020,19.2,79,3,31.8
4,86,65,1975,15.2,79,3,34.1
4,89,60,1968,18.8,80,3,38.1
4,85,65,2110,19.2,80,3,40.8
4,85,65,1975,19.4,81,3,37
4,86,65,2019,16.4,80,3,37.2
4,86,65,2110,17.9,80,3,46.6
4,91,67,1850,13.8,80,3,44.6
